<<<<<<< HEAD
8
18
32
50
72
98
128
162
200
242
288
338
392
450
512
580
650
722
801
884
969
1060
1155
1251
1354
1459
1574
1688
1802
1925
2051
2182
2313
2450
2592
2743
2896
3044
3200
3366
3535
3701
3872
4053
4234
4418
4614
4806
5005
5212
=======
8
18
32
50
72
98
128
162
200
242
288
338
392
450
512
578
648
722
800
882
968
1058
1152
1250
1352
1458
1568
1682
1800
1922
2048
2178
2312
2450
2592
2739
2889
3042
3201
3362
3529
3698
3872
4051
4232
4424
4608
4802
5000
5202
>>>>>>> 18e80a075761301ef7c77c7685b7b9db1ee8b666
